Query 0
20121002/PBS_News_Hour_20121002_1900_cc_segment/01.700k.mp4,117,105,103,116,118,120,115,107,122,106,104,119,121,102,114
Query 1
20121008/CBS_News_20121008_1200_cc_segment/12.700k.mp4,66,67
20121008/CBS_News_20121008_1200_cc_segment/13.700k.mp4,69
20121008/CNN_20121008_1200_cc_segment/20.700k.mp4,221,222
20121008/NBC_Nightly_News_20121008_1730_cc_segment/07.700k.mp4,14,13,12
20121008/PBS_News_Hour_20121008_1900_cc_segment/01.700k.mp4,149
20121015/CNN_20121015_1200_cc_segment/16.700k.mp4,73,74
20130112/Today_Show_20130112_0500_cc_segment/08.700k.mp4,113
Query 2
20121014/ABC_News_20121014_1200_cc_segment/08.700k.mp4,65,64,60,61,59,58
20121014/NBC_Nightly_News_20121014_1530_cc_segment/00.700k.mp4,167,81,80,75,73
20121015/ABC_News_20121015_1200_cc_segment/04.700k.mp4,88,90,89,81,79,58
20121022/Today_Show_20121022_0700_cc_segment/06.700k.mp4,146,145,148,147,144,149
20121122/Fox_News_20121122_1200_cc_segment/02.700k.mp4,65
20121211/CNET_20121211_1200_cc_segment/00.700k.mp4,78,79,80,81
20121211/CNET_20121211_1200_cc_segment/02.700k.mp4,80,78,79,81
Query 3
20121014/CNN_20121014_1200_cc_segment/08.700k.mp4,353,17,18
20121014/NBC_Nightly_News_20121014_1530_cc_segment/00.700k.mp4,31,32,203,202,30,10,86,85,171
20121014/NBC_Nightly_News_20121014_1530_cc_segment/07.700k.mp4,126
20121015/ABC_News_20121015_1200_cc_segment/14.700k.mp4,119,120
20121015/Today_Show_20121015_0700_cc_segment/02.700k.mp4,57,56
20121015/Today_Show_20121015_0700_cc_segment/03.700k.mp4,133,134,18
20121017/The_Economist_Magazine_20121017_1200_cc_segment/00.700k.mp4,424
20121020/Discovery_Channel_20121020_1200_cc_segment/00.700k.mp4,258,257
20121022/Today_Show_20121022_0700_cc_segment/06.700k.mp4,21,20
20121122/Fox_News_20121122_1200_cc_segment/02.700k.mp4,65,63,66,64
20121223/CNN_Newsroom_20121223_1400_cc_segment/05.700k.mp4,28
20121224/CNN_Newsroom_20121224_0600_cc_segment/04.700k.mp4,41,40
20121225/CNN_Newsroom_20121225_1100_cc_segment/02.700k.mp4,187,186
Query 4
20121017/CBS_News_20121017_1200_cc_segment/16.700k.mp4,21,24,23,22
20130118/CBS_News_20130118_1200_cc_segment/08.700k.mp4,104,102,103,101
Query 5
20121019/ABC_News_20121019_1200_cc_segment/17.700k.mp4,37
20121019/Bloomberg_Television_20121019_1200_cc_segment/03.700k.mp4,85,82,84,81,83
Query 6
20121020/ABC_News_20121020_1200_cc_segment/06.700k.mp4,51,58,18,34,35,59,52,64,50,140,27
20121020/CNN_20121020_1200_cc_segment/02.700k.mp4,28,29
20121020/Good_Morning_America_20121020_0400_cc_segment/01.700k.mp4,36,53,54,37,31,19,20
20121020/Today_Show_20121020_0500_cc_segment/05.700k.mp4,53,54
20121022/NBC_Nightly_News_20121022_1730_cc_segment/03.700k.mp4,71,70,7,8,79,78,69
20121220/ABC_News_20121220_1200_cc_segment/05.700k.mp4,362,363
20130105/ABC_News_20130105_1200_cc_segment/17.700k.mp4,71
20130105/Today_Show_20130105_0500_cc_segment/00.700k.mp4,50
20130115/Today_Show_20130115_0700_cc_segment/00.700k.mp4,50,49
20130118/PBS_News_Hour_20130118_1500_cc_segment/06.700k.mp4,101,100
Query 7
20121021/ABC_News_20121021_1200_cc_segment/19.700k.mp4,60,64,65,61,62
20121021/ABC_World_News_with_Diane_Sawyer_20121021_1729_cc_segment/01.700k.mp4,37
20121021/CNN_20121021_1200_cc_segment/13.700k.mp4,20,14,21,19,18,15,13,22,16,12,11,17,44,43,45,42,10,41,40,49,50,48,46,47,51
20121021/NBC_Nightly_News_20121021_1530_cc_segment/00.700k.mp4,56,53,54,55,52
20121022/ABC_News_20121022_1200_cc_segment/07.700k.mp4,138,137,136,126,128,125,127,48,46,118
20121022/ABC_World_News_with_Diane_Sawyer_20121022_1729_cc_segment/02.700k.mp4,92,89,46,91,88,90,45,78,50,77,79
20121022/Good_Morning_America_20121022_0700_cc_segment/00.700k.mp4,142,141,140,131,132,129,52,51,53,50,130
20121022/Today_Show_20121022_0700_cc_segment/00.700k.mp4,64,66,65,62,63,85,84,83,82
20121023/Good_Morning_America_20121023_0700_cc_segment/02.700k.mp4,15,14,67,66,65,47
Query 8
20121025/ABC_News_20121025_1200_cc_segment/00.700k.mp4,39,41,43,40,44,42,38,102,101,104,103
20121025/CBS_News_20121025_1200_cc_segment/25.700k.mp4,11,10,13,12,14,9
20121025/Good_Morning_America_20121025_0700_cc_segment/02.700k.mp4,27,118,44,28,29,16,43,15,117,41,45,26,14,17,116,40,13,46,12
20121025/Today_Show_20121025_0700_cc_segment/03.700k.mp4,37,40,36,35,39,41,69,162,32,34,73,158,38,65,71,64,70,67,190,66,72,163,166,161,167,33,157,84,164,68,192,165,83,160,42,86,82,191,85,159,43,189,87
20121026/ABC_News_20121026_1200_cc_segment/08.700k.mp4,147,148,52,54,30,29,146,149,53,51,56,55,28,31,12,13,11,10,9,8,65,7,15,14,122,123,145,50,32,66,139,137
20121026/Good_Morning_America_20121026_0700_cc_segment/07.700k.mp4,33,151,150,56,34,60,55,152,57,59,58,35,17,69,14,16,127,128,153,13,11,18,12,19,32,15,54,36,70,143,141
20121026/Good_Morning_America_20121026_0700_cc_segment/08.700k.mp4,107,105,104,106,103,71,16,13,69,15,70,14
20121031/Today_Show_20121031_0700_cc_segment/05.700k.mp4,11,8,9,7,10
Query 9
20121026/CBS_News_20121026_1200_cc_segment/25.700k.mp4,41,40,39,38,37,91
20121026/NBC_Nightly_News_20121026_1730_cc_segment/06.700k.mp4,75,74,73,71,72,70
20121026/PBS_News_Hour_20121026_1900_cc_segment/01.700k.mp4,400,401,403,402,408,406,405,404,407
20121222/CBS_News_20121222_1200_cc_segment/22.700k.mp4,178,180,179,181,182,183
20121224/CNN_Newsroom_20121224_0600_cc_segment/04.700k.mp4,134,133,136,135
20130104/NBC_Nightly_News_20130104_1730_cc_segment/04.700k.mp4,121,118,120,117,119
Query 10
20121030/CNN_20121030_1200_cc_segment/18.700k.mp4,118,114,117,113,115,116,146
Query 11
20121102/Associated_Press_20121102_1200_cc_segment/12.700k.mp4,96,103,98,102,101,35,97,105,100,34,99,104
20121102/Associated_Press_20121102_1200_cc_segment/15.700k.mp4,27,65,54,101,53,40,41,36,81,38,26,31,11,69,28,78,25,30,50,1,13,60,49,2,87,32,67,66,68,20,21,48,33,55,39,3,103,7,79,62,104,9,24
20121102/CNN_20121102_1200_cc_segment/20.700k.mp4,59,76,101,80,54,66,81,100,106,78,67,88,55,99,72,70,82,96,56,83,95,79,87,71,105,73,98
20121102/NBC_Nightly_News_20121102_1730_cc_segment/04.700k.mp4,78,74,45,92,46,136,54,87,73,88,137,90,77,48,75,47,80,91,84,52,89,79,135
20121103/Today_Show_20121103_0500_cc_segment/04.700k.mp4,52,53,54,51
20121104/CNN_20121104_1200_cc_segment/11.700k.mp4,52,55,53,58,57,54,56,63
Query 12
20121107/ABC_News_20121107_1200_cc_segment/04.700k.mp4,10,12,13,9,11,14,8
20121107/ABC_World_News_with_Diane_Sawyer_20121107_1730_cc_segment/07.700k.mp4,22,21,24,23,25,26,27,28,29,30,31,32,33,34
20121107/CNN_20121107_1200_cc_segment/29.700k.mp4,50,51,52,55,54
20121107/CNN_20121107_1200_cc_segment/36.700k.mp4,20,13,12,14,23,18,19,15,22,21,10,17,11,9,16,8,32,30,27,31,29,28,25,26,24
20121107/Good_Morning_America_20121107_0700_cc_segment/04.700k.mp4,2,1,6,3,5,4
20121107/NBC_Nightly_News_20121107_1730_cc_segment/01.700k.mp4,132,133,135,134,138,136,139,137
20121219/ABC_News_20121219_1200_cc_segment/08.700k.mp4,297,307,306,295,296,302,308,301,300,309,303,310
20121219/ABC_News_20121219_1200_cc_segment/22.700k.mp4,297,306,307,295,296,302,308,301,309,300,303,310
20121222/CBS_News_20121222_1200_cc_segment/15.700k.mp4,225,227,226,228,229,224
20121226/ABC_News_20121226_1200_cc_segment/06.700k.mp4,29,30,28,35,25,45,46,43,47,49
20121226/ABC_News_20121226_1200_cc_segment/07.700k.mp4,99,100,102,101,103
20121226/ABC_World_News_with_Diane_Sawyer_20121226_1730_cc_segment/05.700k.mp4,100,102,101,103
20121226/Good_Morning_America_20121226_0700_cc_segment/03.700k.mp4,31,30,29,46,44,47,45
20121227/ABC_News_20121227_1200_cc_segment/01.700k.mp4,258,259,260,255,262,261,254,275,278,264,274,276,279
20130107/Fox_News_20130107_1200_cc_segment/07.700k.mp4,117,112,111,125,115,120,110,124,105,104,113,114,107,121,109,122,116,106,108,123,119,118,126
20130118/ABC_News_20130118_1200_cc_segment/16.700k.mp4,71,72,70,73
Query 13
20121108/ABC_World_News_with_Diane_Sawyer_20121108_1730_cc_segment/05.700k.mp4,46,48,50,49,47,45
20121109/CBS_News_20121109_1200_cc_segment/12.700k.mp4,22,23,24
20121214/ABC_News_20121214_1200_cc_segment/22.700k.mp4,131,45,132,133,46
20121215/Today_Show_20121215_0500_cc_segment/06.700k.mp4,134,135,136
20121216/ABC_News_20121216_1200_cc_segment/07.700k.mp4,111
20121216/ABC_News_20121216_1200_cc_segment/23.700k.mp4,98,99,102,101,103,100
20121216/Meet_the_Press_20121216_0800_cc_segment/03.700k.mp4,251,249,250,247,248
20121217/ABC_News_20121217_1200_cc_segment/02.700k.mp4,113,108,112,111,114,110,109
20121220/ABC_News_20121220_1200_cc_segment/13.700k.mp4,89,90,88,87
20121220/ABC_World_News_with_Diane_Sawyer_20121220_1730_cc_segment/04.700k.mp4,115,116,117,118
20130110/CNN_20130110_1200_cc_segment/04.700k.mp4,145,144,143,142
20130110/HLN_News_Now_20130110_0900_cc_segment/12.700k.mp4,27,26,25,28
20130112/CNN_Newsroom_20130112_0800_cc_segment/13.700k.mp4,20,19,22,18,21
20130115/ABC_World_News_with_Diane_Sawyer_20130115_1730_cc_segment/02.700k.mp4,42,43,44,45
20130130/ABC_News_20130130_1200_cc_segment/17.700k.mp4,93,94,92
20130130/ABC_World_News_with_Diane_Sawyer_20130130_1730_cc_segment/02.700k.mp4,95,93,94
Query 14
20121114/CBS_News_20121114_1200_cc_segment/00.700k.mp4,9,8,7,6,5,4
Query 15
20121110/ABC_News_20121110_1200_cc_segment/03.700k.mp4,256,255,254,253,22
20121110/Good_Morning_America_20121110_0400_cc_segment/01.700k.mp4,102,101,100,99
20121111/ABC_News_20121111_1200_cc_segment/01.700k.mp4,222,221,220
20121111/ABC_News_20121111_1200_cc_segment/02.700k.mp4,44,48,45,42,43,49,47,50,41,46
20121111/ABC_World_News_with_Diane_Sawyer_20121111_1730_cc_segment/01.700k.mp4,97,95,96,94,93,91,92
20121111/CBS_News_20121111_1200_cc_segment/04.700k.mp4,81,76,82,80,83,77,79,78,74,75
20121111/CBS_News_20121111_1200_cc_segment/20.700k.mp4,16,14,15,13,11,12
20121111/CNN_20121111_1200_cc_segment/06.700k.mp4,91,146,94,95,148,147,149,92,93,145,150,90
20121111/Good_Morning_America_20121111_0400_cc_segment/02.700k.mp4,19,17,18,20,182,180,184,181,186,185,189,187,188
20121111/NBC_Nightly_News_20121111_1530_cc_segment/01.700k.mp4,148,149,150,151,152,147
20121112/ABC_World_News_with_Diane_Sawyer_20121112_1730_cc_segment/00.700k.mp4,113,114,109,110,111,112
20121112/ABC_World_News_with_Diane_Sawyer_20121112_1730_cc_segment/01.700k.mp4,31,29,30
20121112/CBS_News_20121112_1200_cc_segment/07.700k.mp4,25,23,24,22
20121112/CBS_News_20121112_1200_cc_segment/11.700k.mp4,77,78,75,76,74,73
20121112/CNN_20121112_1200_cc_segment/20.700k.mp4,36,35,37,48,46,47,49,45,56
20121112/CNN_20121112_1200_cc_segment/26.700k.mp4,76,75,74,73,72,71,68,69,67,70
20121112/Good_Morning_America_20121112_0700_cc_segment/00.700k.mp4,80,79,81,78,77,16
20121112/Good_Morning_America_20121112_0700_cc_segment/01.700k.mp4,49,48,47,50
20121112/Good_Morning_America_20121112_0700_cc_segment/02.700k.mp4,56,55,57,54
20121112/Good_Morning_America_20121112_0700_cc_segment/06.700k.mp4,119,117,118,21,22,20,19
20121112/Today_Show_20121112_0700_cc_segment/00.700k.mp4,140,142,143,141
20121113/ABC_News_20121113_1200_cc_segment/01.700k.mp4,39,40
20121113/CBS_News_20121113_1200_cc_segment/21.700k.mp4,21,22,20,24,23
20121113/Today_Show_20121113_0700_cc_segment/07.700k.mp4,95,94,93,92
20121114/CNN_20121114_1200_cc_segment/26.700k.mp4,113,112,115,116,114,117
20121114/CNN_Newsroom_20121114_1200_cc_segment/07.700k.mp4,231,234,224,232,225,233,223
20121118/ABC_News_20121118_1200_cc_segment/05.700k.mp4,125,128,130,126,129,127,124
20121118/Good_Morning_America_20121118_0400_cc_segment/01.700k.mp4,130,129,127,126,131,128
20121219/CBS_News_20121219_1200_cc_segment/10.700k.mp4,66,65,64,63
20121222/CBS_News_20121222_1200_cc_segment/15.700k.mp4,147
20121225/CNN_Newsroom_20121225_1100_cc_segment/02.700k.mp4,77,78
Query 16
20121111/ABC_World_News_with_Diane_Sawyer_20121111_1730_cc_segment/02.700k.mp4,59
20121111/CNN_20121111_1200_cc_segment/04.700k.mp4,30,37,43,33,38,42,29,51,44,27,61,36,25,34,59,40,50,32,35,39,53,28,45,26,62,22,49,63,58,31,23,105,69,46,55,100,104,107,47,72,24,21,70,57,142,83,71,145,144,101
20121111/CNN_20121111_1200_cc_segment/05.700k.mp4,82,79,74,87,91,77,93,80,84,81,98,75,103,101,102,92,95,88,94,90,110,111,83,97,96,156,73,100,85,86,141,78,109,140,157,185,89,153,126,197,123,116,139,122,121,99,151,129,202,125
20121111/NBC_Nightly_News_20121111_1530_cc_segment/01.700k.mp4,137,142,139,144,146,141,145,140,136,143,138
20121112/CNN_20121112_1200_cc_segment/25.700k.mp4,60,59,61,62,56,58,57
20121112/PBS_News_Hour_20121112_1500_cc_segment/00.700k.mp4,214,206,200,215,207,209,199,205,213,208,212,211,210,204,201,203,202,192,197,196,198
20121112/Today_Show_20121112_0700_cc_segment/00.700k.mp4,106,107,108,104,103,102,105
Query 17
20121112/Associated_Press_20121112_1200_cc_segment/20.700k.mp4,21,18,19,20,17,22
20121120/NBC_Nightly_News_20121120_1730_cc_segment/05.700k.mp4,28,5,7,3,1,30,6,2,4,27,8,29,31,26
Query 18
20121121/Situation_Room_with_Wolf_Blitzer_20121121_1300_cc_segment/05.700k.mp4,148,150,149,144,146,145,147
Query 19
20121118/CNN_20121118_1200_cc_segment/07.700k.mp4,16,17,15,11,10,9,18,4,14,32,1,2,12,8,3,7,6,24,31,5,22,13,37,23,39,73,38
20121118/CNN_Newsroom_20121118_1400_cc_segment/00.700k.mp4,13,11,17,10,12,14,16,15,19,9,18
20121118/CNN_Newsroom_20121118_1400_cc_segment/01.700k.mp4,278,330,335,283,288,291
20121118/CNN_Newsroom_20121118_1400_cc_segment/04.700k.mp4,289,237,274,159,268,163,160,185,239,161,231,196,56,62,19,57,59,157,158,60,64,23,202,63,20,166,48,55,21,22,51,61
20121119/CNN_20121119_1200_cc_segment/17.700k.mp4,147,114,146,148,101,82,116,113,118,117,145,112,115,138,81,98,100,80,149,97,137,95,143,90,120,96,88,89,87,142
20121119/CNN_20121119_1200_cc_segment/18.700k.mp4,96,97,123,99,100,102,107,101,106,116,118,108,117,109
20121119/CNN_Newsroom_20121119_1200_cc_segment/06.700k.mp4,47,48,46,43,62,53,63,42,50,54,45,52,44,41
20130103/CNN_20130103_1200_cc_segment/15.700k.mp4,385,386,388,383
Query 20
20121119/CNN_20121119_1200_cc_segment/04.700k.mp4,62
20121227/NHK_World_Newsline_20121227_1359_cc_segment/07.700k.mp4,34,36,35,38,53,37,54
Query 21
20121119/NBC_Nightly_News_20121119_1730_cc_segment/04.700k.mp4,29,27
Query 22
20121121/CNN_20121121_1200_cc_segment/25.700k.mp4,81,79,80,82
20121121/CNN_Newsroom_20121121_1200_cc_segment/08.700k.mp4,107,121,109,108,120,119,118,117
20121121/NBC_Nightly_News_20121121_1730_cc_segment/00.700k.mp4,104,103,102
20121121/PBS_News_Hour_20121121_1500_cc_segment/00.700k.mp4,79,80,127,125,126,78,124,128,77,76,75,129
20121121/Situation_Room_with_Wolf_Blitzer_20121121_1300_cc_segment/05.700k.mp4,201,200,202,203
20121121/Situation_Room_with_Wolf_Blitzer_20121121_1300_cc_segment/06.700k.mp4,61,64,48,63,62,71,47,69,70,46,68,72,60,49,57,50,73,58,56,51,59,54,74,75
20121122/CBS_News_20121122_1200_cc_segment/05.700k.mp4,61,63,57,59,64,60,58,62
20121122/CBS_News_20121122_1200_cc_segment/06.700k.mp4,82,84,83,85,96,97,95,94,92,91,93
20121122/CNN_20121122_1200_cc_segment/02.700k.mp4,138,139,141,123,140,124,125,122,137,126,136,133,134,127
20121122/CNN_20121122_1200_cc_segment/03.700k.mp4,160,158,159,161,162,163
20121123/ABC_News_20121123_1200_cc_segment/12.700k.mp4,71,70,14,69,15,21,17,16,18,20,19
20121123/ABC_World_News_with_Diane_Sawyer_20121123_1730_cc_segment/05.700k.mp4,70,69
20121123/CBS_News_20121123_1200_cc_segment/10.700k.mp4,133,126,125,127,124,132,131,129,128,130
20121123/NBC_Nightly_News_20121123_1730_cc_segment/02.700k.mp4,65,64,63,67,66
20121123/Situation_Room_with_Wolf_Blitzer_20121123_1300_cc_segment/01.700k.mp4,94,95,96,93,92,91
20121124/NBC_Nightly_News_20121124_1730_cc_segment/03.700k.mp4,33,32,34,28
20121124/Today_Show_20121124_0500_cc_segment/02.700k.mp4,95,96,94,98,97
20121130/NBC_Nightly_News_20121130_1730_cc_segment/06.700k.mp4,33,32,35,34
20121206/PBS_News_Hour_20121206_1500_cc_segment/02.700k.mp4,93,94,96,97,95
Query 23
20121125/CBS_News_20121125_1200_cc_segment/13.700k.mp4,37,35,38,36
20121127/CNN_Newsroom_20121127_1200_cc_segment/07.700k.mp4,127,128
20121128/CBS_News_20121128_1200_cc_segment/03.700k.mp4,39,40,43,41,42
Query 24
20121129/ABC_News_20121129_1200_cc_segment/23.700k.mp4,44,45,43,42,26,25,24,23,20,21,22,40,39,9,16,31,11,18,19,10,17,15,28,12,14,29,30,38,41
20121129/ABC_World_News_with_Diane_Sawyer_20121129_1730_cc_segment/00.700k.mp4,51,49,50,48,32,30,31,29,28,46,27,26,47,45,24,22,23,37,25,16,21,20,34,17,15,36,33,44,35,18
20121129/CBS_News_20121129_1200_cc_segment/41.700k.mp4,80,78,81,79,18,77,82,17,62,64,63,8,7,6,5,65,16,83,15,76
20121129/NBC_Nightly_News_20121129_1730_cc_segment/02.700k.mp4,55,56,54,44,45,43,53,88,89,90,46,92,41,91,38,39,40,33,34,36,35,32,37,52,8,12,11,5,47,7,14,13,10,9,6,1,3,2,42
20121129/PBS_News_Hour_20121129_1500_cc_segment/02.700k.mp4,132,133,131,130,136,137,138,135,129,134
20121129/Situation_Room_with_Wolf_Blitzer_20121129_1300_cc_segment/01.700k.mp4,104,101,102,238,241,240,237,103,242,246,243,236,239,245,235,105,244,106,107,108,110,109,100,230,229
20121130/Today_Show_20121130_0700_cc_segment/03.700k.mp4,78,77,69,70,71,79,44,42,46,40,43,45,39,38,36,37,72,73
20121130/Today_Show_20121130_0700_cc_segment/04.700k.mp4,83,95,96,80,99,84,76,94,93,81,79,72,73,97,75,82,98,74,77,78,92
20121202/CBS_News_20121202_1200_cc_segment/05.700k.mp4,8,9,10,11,7
20121202/This_Week_20121202_0800_cc_segment/04.700k.mp4,551,548,549,550,552,547,542,553,545,541,546,539,544,540,543,538,537
20121202/Today_Show_20121202_0600_cc_segment/02.700k.mp4,90,93,92,89,91,94
20130125/NBC_Nightly_News_20130125_1730_cc_segment/04.700k.mp4,44,46,45,47,43
Query 25
20121202/CBS_News_20121202_1200_cc_segment/15.700k.mp4,19,33,34,24,41,42,23,38
20121202/CNN_20121202_1200_cc_segment/02.700k.mp4,18,69,31,63,11,64,94,71,48,60,25,23,26,91,59,28,95,76,10,36,57,38,24,67,61,55,93,70,54,79,68,39,47,19,62,9,53,75,7,65,90,20,49,89,78,98,8,97,74,33
20121202/NBC_Nightly_News_20121202_1530_cc_segment/02.700k.mp4,58
20121202/This_Week_20121202_0800_cc_segment/00.700k.mp4,75
Query 26
20121202/ABC_World_News_with_Diane_Sawyer_20121202_1730_cc_segment/03.700k.mp4,27,26,25,75
20121202/Associated_Press_20121202_1200_cc_segment/04.700k.mp4,29,66,27,67,28,65,35,37,36,38,64,34
20121202/CBS_News_20121202_1200_cc_segment/17.700k.mp4,14,15,16
20121203/CBS_News_20121203_1200_cc_segment/23.700k.mp4,22,20,21,18
Query 27
20121202/ABC_News_20121202_1200_cc_segment/14.700k.mp4,63,62,64,65,66,67,68,69,70
20121202/ABC_World_News_with_Diane_Sawyer_20121202_1730_cc_segment/00.700k.mp4,75,74,73
20121203/ABC_News_20121203_1200_cc_segment/00.700k.mp4,63,62,64,65,66,67,68,69,70
20121203/ABC_News_20121203_1200_cc_segment/06.700k.mp4,104,103
20121203/Good_Morning_America_20121203_0700_cc_segment/01.700k.mp4,104
Query 28
20121210/CNN_Newsroom_20121210_0600_cc_segment/03.700k.mp4,128,129,130
Query 29
20121206/CBS_News_20121206_1200_cc_segment/15.700k.mp4,79,81,80,82
Query 30
20121206/CBS_News_20121206_1200_cc_segment/49.700k.mp4,46,49,44,45,48,15,50,17,43,9,13,16,12,6,47,20,5,19,11,8,18,7
20121206/NBC_Nightly_News_20121206_1730_cc_segment/01.700k.mp4,10,9,12,11,14,15,13
20121207/ABC_News_20121207_1200_cc_segment/00.700k.mp4,34
20121207/CBS_News_20121207_1200_cc_segment/04.700k.mp4,71,69,73,74,70,72
20121207/CBS_News_20121207_1200_cc_segment/31.700k.mp4,73,75,74,72,76,71
20121208/CBS_News_20121208_1200_cc_segment/01.700k.mp4,40,38,39,45,42,47,41,44,43,46
20121208/CBS_News_20121208_1200_cc_segment/27.700k.mp4,22,24,23,20,21,25
20121208/CNN_Newsroom_20121208_1400_cc_segment/07.700k.mp4,111,116,77,110,101,104,107,81,105,96,84,87,76,90,79,80,119,88,109,92,98,82,78,86,108,117,114,94,102,95,97,103,83,85,100,91,118,115,99
20121208/NBC_Nightly_News_20121208_1730_cc_segment/02.700k.mp4,43,42
20121208/Today_Show_20121208_0500_cc_segment/05.700k.mp4,51,52,53,55,54
20121209/CBS_News_20121209_1200_cc_segment/31.700k.mp4,30,31,29,32,28,33,34
20121220/CNN_20121220_1200_cc_segment/27.700k.mp4,137,140,142,138,134,141,133,136,139,135
20130129/CBS_News_20130129_1200_cc_segment/38.700k.mp4,106,108,102,103,104,105,109
Query 31
20121206/CBS_News_20121206_1200_cc_segment/15.700k.mp4,84,83
Query 32
20121209/State_of_the_Union_20121209_0900_cc_segment/01.700k.mp4,476,180,229,472,345,473,121,230,532
Query 33
20121210/ABC_News_20121210_1200_cc_segment/12.700k.mp4,23,22
20121210/ABC_News_20121210_1200_cc_segment/29.700k.mp4,23,22
20121210/CNN_Newsroom_20121210_0600_cc_segment/02.700k.mp4,21
20121210/Good_Morning_America_20121210_0700_cc_segment/04.700k.mp4,24
20121211/CNN_Newsroom_20121211_0600_cc_segment/07.700k.mp4,166,165
20130104/HLN_Evening_Express_20130104_1400_cc_segment/02.700k.mp4,105,104
Query 34
20121212/CBS_News_20121212_1200_cc_segment/29.700k.mp4,77,76
Query 35
20121212/ABC_News_20121212_1200_cc_segment/11.700k.mp4,56,25,27
20121212/ABC_World_News_with_Diane_Sawyer_20121212_1730_cc_segment/02.700k.mp4,57,26
20121212/CBS_News_20121212_1200_cc_segment/37.700k.mp4,46,47,6,5
20121212/NBC_Nightly_News_20121212_1730_cc_segment/00.700k.mp4,27,29,26,28,68
20121212/NHK_World_Newsline_20121212_1359_cc_segment/00.700k.mp4,17,18,37,36,35,38
20121212/NHK_World_Newsline_20121212_1359_cc_segment/08.700k.mp4,20,38,39,37,21
20121212/PBS_News_Hour_20121212_1500_cc_segment/03.700k.mp4,399,396,397,400,398
20121218/NHK_World_Newsline_20121218_1359_cc_segment/01.700k.mp4,89
20121219/AlJazeera_English_20121219_1200_cc_segment/24.700k.mp4,125,123,124,126
20130124/ABC_World_News_with_Diane_Sawyer_20130124_1730_cc_segment/00.700k.mp4,71,72
Query 36
20121212/ABC_News_20121212_1200_cc_segment/00.700k.mp4,81
20121212/ABC_News_20121212_1200_cc_segment/12.700k.mp4,124,125,126
20121212/Associated_Press_20121212_1200_cc_segment/05.700k.mp4,43,42,41,40
20121212/Associated_Press_20121212_1200_cc_segment/11.700k.mp4,38,37,36
20121212/Associated_Press_20121212_1200_cc_segment/26.700k.mp4,36,37,56,62,63
20121212/CBS_News_20121212_1200_cc_segment/21.700k.mp4,21,20
20121212/CNN_Newsroom_20121212_0600_cc_segment/05.700k.mp4,428,431,429,430
20121212/CNN_Newsroom_20121212_0600_cc_segment/06.700k.mp4,84,85,86,83,87
20121212/Today_Show_20121212_0700_cc_segment/02.700k.mp4,109,111,110,108
Query 37
20121212/ABC_News_20121212_1200_cc_segment/12.700k.mp4,12,13,14,15,16,17,18,20,19,28,27,21,151,26,30,22,150,23,24,52,101,100,31,29,51,53
20121212/ABC_World_News_with_Diane_Sawyer_20121212_1730_cc_segment/00.700k.mp4,19,18,20,17,21,24,22,23,26,29,27,28,25,30,107,105,156,106
20121212/Associated_Press_20121212_1200_cc_segment/26.700k.mp4,26,29,30,28,27,13,12,11,9,10
20121212/CBS_News_20121212_1200_cc_segment/35.700k.mp4,71,68,72,70,69,73
20121213/CBS_News_20121213_1200_cc_segment/08.700k.mp4,57,56,55
20121213/CBS_News_20121213_1200_cc_segment/14.700k.mp4,57
20121213/CNN_Newsroom_20121213_0600_cc_segment/00.700k.mp4,57,60,59,63,51,58,52,53,62,56,61,54,55,83,81,82
20121213/Good_Morning_America_20121213_0700_cc_segment/00.700k.mp4,46,55,56,54,45
20121213/Today_Show_20121213_0700_cc_segment/01.700k.mp4,48,51,49,50,52
20121214/HLN_Morning_Express_20121214_0300_cc_segment/00.700k.mp4,34,30,33,29,26,31,28,27,32,25,24
20121217/Good_Morning_America_20121217_0700_cc_segment/08.700k.mp4,82,83,99,84,100
20130107/Fox_News_20130107_1200_cc_segment/05.700k.mp4,34,31,32,29,15,33,25,30,18,19,17,20,26,27,14,16,28,23,24,21,22,192,176,207,191,229,194,230,189,290,220,373,244,178,253,313,258,190,252,257,218,198,222,174,177,186,195,236
Query 38
20121214/Reuters_20121214_1200_cc_segment/02.700k.mp4,105,104,106,103
20121215/ABC_News_20121215_1200_cc_segment/03.700k.mp4,191,189,193,192,190
20121215/ABC_News_20121215_1200_cc_segment/06.700k.mp4,37,38
20121215/ABC_News_20121215_1200_cc_segment/07.700k.mp4,38,40,39,41,37,42,36,33
20121215/CBS_News_20121215_1200_cc_segment/01.700k.mp4,27,28,29
20121215/CBS_News_20121215_1200_cc_segment/04.700k.mp4,22,21
20121215/Good_Morning_America_20121215_0400_cc_segment/03.700k.mp4,40,39,42,41,38,43
20121215/Good_Morning_America_20121215_0400_cc_segment/04.700k.mp4,24,23
20121216/ABC_News_20121216_1200_cc_segment/12.700k.mp4,59,60
20121217/CBS_News_20121217_1200_cc_segment/10.700k.mp4,178,180,179
20121217/CBS_News_20121217_1200_cc_segment/13.700k.mp4,142,141,140
20121217/Reuters_20121217_1200_cc_segment/02.700k.mp4,32
20121218/CBS_News_20121218_1200_cc_segment/06.700k.mp4,35,36,37,38,39
20121231/PBS_News_Hour_20121231_1500_cc_segment/06.700k.mp4,321,319,322,323,320,318
Query 39
20121215/AlJazeera_English_20121215_1200_cc_segment/05.700k.mp4,8,5,6,7
20121215/AlJazeera_English_20121215_1200_cc_segment/15.700k.mp4,8,9,7
20121215/CBS_News_20121215_1200_cc_segment/19.700k.mp4,85
20121217/Good_Morning_America_20121217_0700_cc_segment/07.700k.mp4,71,72
20121219/CBS_News_20121219_1200_cc_segment/21.700k.mp4,7,6,5
20121221/CBS_News_20121221_1200_cc_segment/39.700k.mp4,79
20130110/CBS_News_20130110_1200_cc_segment/36.700k.mp4,67,66
Query 40
20121214/CBS_News_20121214_1200_cc_segment/27.700k.mp4,156,157,158,159,161,160,162,164,163
20121214/CBS_News_20121214_1200_cc_segment/60.700k.mp4,111,112,110
20121214/CBS_News_20121214_1200_cc_segment/61.700k.mp4,106,107,164,163,166,165,109,108,110,167,111,112,56,113,57,58,59,60,61,114,63,62,64
20121214/CBS_News_20121214_1200_cc_segment/62.700k.mp4,170,171,172,173
20121214/CBS_News_20121214_1200_cc_segment/64.700k.mp4,5,6,7,8,9,10,11,12,13
20121214/CBS_News_20121214_1200_cc_segment/66.700k.mp4,134,135,136,137
20121214/CBS_News_20121214_1200_cc_segment/67.700k.mp4,148,149
20121214/NBC_Nightly_News_20121214_1730_cc_segment/00.700k.mp4,57,55,56,54
20121215/CBS_News_20121215_1200_cc_segment/00.700k.mp4,190
20121215/NBC_Nightly_News_20121215_1730_cc_segment/02.700k.mp4,108,109
20121216/CBS_News_20121216_1200_cc_segment/01.700k.mp4,11,12,13
20121220/CBS_News_20121220_1200_cc_segment/04.700k.mp4,152,153,154
Query 41
20121214/NBC_Nightly_News_20121214_1730_cc_segment/00.700k.mp4,24
20121214/NBC_Nightly_News_20121214_1730_cc_segment/06.700k.mp4,34,35
20121215/ABC_News_20121215_1200_cc_segment/09.700k.mp4,113
20121230/AlJazeera_English_20121230_1200_cc_segment/16.700k.mp4,126,127
Query 42
20121215/Associated_Press_20121215_1200_cc_segment/14.700k.mp4,28,35,29,30,27,31,36,34,45,46,18,33,50,19,32,26,41,24,38,22,21,48,20,25,42,37,17,39,16,43,49,44,23,55,11,47,15,40,54,10,12,52,56,13,51,53,14,8,9,57
Query 43
20121215/CBS_News_20121215_1200_cc_segment/21.700k.mp4,27,60
20121215/CNN_20121215_1200_cc_segment/06.700k.mp4,20,14,29,9,30,16,11,19,28,31,12,25,15,70,43,18,10,98,37,32,71,54,22,110,83
20121216/ABC_News_20121216_1200_cc_segment/17.700k.mp4,169,165,150,164
Query 44
20121215/Associated_Press_20121215_1200_cc_segment/10.700k.mp4,81,79,64,80,49,78,75,36,82,65,34,74,61,67,31,66,38,88,76,27,77,63,28,30,57,40,52,53,60,44,85,26,41,86,62,73,72,59,84,39,29,68,32,33,55,71,45,37,50,83
20121215/CNN_20121215_1200_cc_segment/05.700k.mp4,136,146,30,178,57,163,120,29,16,108,68,71,56,93,174,150,121,9,179,18,55,23,54,83,110,148,176,95,53,51,69,96,42,10,31,109,119,72,94,11,131,70,73,74,86,175,87,173,180,25
20121215/CNN_Newsroom_20121215_1400_cc_segment/01.700k.mp4,9,46,185,99,117,86,44,141,49,189,11,90,35,187,102,61,123,140,113,76,100,47,188,97,16,87,88,80,79,18,181,17,184,85,48,45,112,20,70,40,34,60,84,81,38,165,14,41,37,78
20121215/NBC_Nightly_News_20121215_1730_cc_segment/00.700k.mp4,230,229,228,224,221,226,220,223,227,222,225,219
Query 45
20121215/CNN_20121215_1200_cc_segment/04.700k.mp4,29,28,32,30,31,36,33,38,35,26,42,19,24,25,50,21,8,9
Query 46
20121215/ABC_News_20121215_1200_cc_segment/20.700k.mp4,64,60,63,62,59,61
20121215/ABC_News_20121215_1200_cc_segment/27.700k.mp4,60,64,62,63,59,61
20121215/ABC_World_News_with_Diane_Sawyer_20121215_1730_cc_segment/02.700k.mp4,64,63,62,61,60
20121215/AlJazeera_English_20121215_1200_cc_segment/21.700k.mp4,103,104,108
20121215/Associated_Press_20121215_1200_cc_segment/03.700k.mp4,29,37,76,75,73,82,72,74,26,71,80,63,69,66,81,83,79,57,28,15,77,30,35,7,21,17,5,27,78,24,36,68,31,18,14,25,16,23,6,42,64,20,9,56,22,8,11,65,45,47
20121215/Associated_Press_20121215_1200_cc_segment/15.700k.mp4,55,54,59,57,58,60,61,56
20121215/CNN_20121215_1200_cc_segment/01.700k.mp4,43,44,41,42,51,17,66,40,52,49,14,48,45,16,67,59,68,70,65,50,22,63,24,47,69,46,62,60,64,39,26,18,57,56,55,15,13,71,25,10,11,53,61,23,27,54,58,19,9,20
20121215/CNN_20121215_1200_cc_segment/02.700k.mp4,114,116,291,113,142,121,119,130,290,115,128,118,131,127,90,99,88,123,251,289,238,145,50,252,67,246,66,63,65,249,314,61,94,103,307,242,299,102,71,309,60,298,255,52,310,301,303,216,214,276
20121216/ABC_News_20121216_1200_cc_segment/04.700k.mp4,49,50,45,47
20121216/Good_Morning_America_20121216_0400_cc_segment/03.700k.mp4,62,63
Query 47
20121217/Reuters_20121217_1200_cc_segment/00.700k.mp4,10,11
Query 48
20121218/CNN_Newsroom_20121218_0600_cc_segment/04.700k.mp4,18
Query 49
20121224/CBS_News_20121224_1200_cc_segment/05.700k.mp4,108,110,111
20121224/CBS_News_20121224_1200_cc_segment/15.700k.mp4,108,111,100
20121224/CBS_News_20121224_1200_cc_segment/18.700k.mp4,108,111,110
20121224/CBS_News_20121224_1200_cc_segment/22.700k.mp4,108,111,100,110
20121224/CBS_News_20121224_1200_cc_segment/24.700k.mp4,108,100,111,110
20121224/CBS_News_20121224_1200_cc_segment/36.700k.mp4,108,111,100
20121224/CBS_News_20121224_1200_cc_segment/37.700k.mp4,100,101,108,111
Query 50
20121224/ABC_News_20121224_1200_cc_segment/12.700k.mp4,29,26,28
20121224/CBS_News_20121224_1200_cc_segment/28.700k.mp4,35,38,36,95,94,34,37,96
20121225/AlJazeera_English_20121225_1200_cc_segment/01.700k.mp4,37,42,41,36,39,43,40,35
20121225/CBS_News_20121225_1200_cc_segment/05.700k.mp4,62,56
20121225/CBS_News_20121225_1200_cc_segment/18.700k.mp4,24,19,39,37,23,40,21,20,22,36,38
20121225/NBC_Nightly_News_20121225_1730_cc_segment/02.700k.mp4,52,49,48,47,50,51,44,46
20121226/ABC_News_20121226_1200_cc_segment/05.700k.mp4,43,44,42,94
20121226/CBS_News_20121226_1200_cc_segment/02.700k.mp4,79,75
20121226/Today_Show_20121226_0700_cc_segment/00.700k.mp4,110,111,116
20121228/ABC_News_20121228_1200_cc_segment/15.700k.mp4,42,43,44
Query 51
20121230/CBS_News_20121230_1200_cc_segment/29.700k.mp4,71,6,5,75,76
20121231/CBS_News_20121231_1200_cc_segment/04.700k.mp4,46,45,48
Query 52
20121225/CNN_Newsroom_20121225_1100_cc_segment/04.700k.mp4,309,310
Query 53
20130102/CNN_20130102_1200_cc_segment/05.700k.mp4,78,29,79,26,27,81,80,28,30,77,82,25,129
Query 54
20130103/CNN_Newsroom_20130103_0600_cc_segment/07.700k.mp4,97,96
20130103/CNN_Newsroom_20130103_1100_cc_segment/04.700k.mp4,262,267,264,265,266,263
20130103/HLN_Evening_Express_20130103_1400_cc_segment/01.700k.mp4,41,43,40,39,38,42
20130103/NBC_Nightly_News_20130103_1730_cc_segment/00.700k.mp4,68,164,163
20130104/HLN_Morning_Express_20130104_0300_cc_segment/00.700k.mp4,52,42,51,13,53,41,45,12,66,78,28,56,33,11,47,43,50,60,35
20130105/CNN_20130105_1200_cc_segment/12.700k.mp4,5
20130105/CNN_Newsroom_20130105_1400_cc_segment/04.700k.mp4,31,21,18,27,28,20,26,30,29,17,19
20130106/CNN_20130106_1200_cc_segment/11.700k.mp4,125
Query 55
20130104/CBS_News_20130104_1200_cc_segment/03.700k.mp4,26,25,28,27,42,24
20130104/CNN_20130104_1200_cc_segment/10.700k.mp4,99,100
20130104/CNN_Newsroom_20130104_1100_cc_segment/03.700k.mp4,125,24,123,122,124,23
20130104/PBS_News_Hour_20130104_1500_cc_segment/01.700k.mp4,194,200,201,208,196,195,203,198,199,202,207,206,204,205,197,193
20130130/Today_Show_20130130_0700_cc_segment/03.700k.mp4,57,59,58,56,55
Query 56
20130105/CBS_News_20130105_1200_cc_segment/22.700k.mp4,29,28,27,26
Query 57
20130105/CNN_Newsroom_20130105_1400_cc_segment/00.700k.mp4,81,79,80,78
Query 58
20130104/Associated_Press_20130104_1200_cc_segment/27.700k.mp4,60,31,32,59,20,19,57,21,58,56,30,25,29,28,48,47,49,24,22,45,26,23,27,44,46,50,42,51,43
20130106/HLN_Morning_Express_20130106_0400_cc_segment/04.700k.mp4,84,78,89,88,83,73,86,60,71,72,74,87,85,80,82,62,79,70,63,81,61,69
20130107/HLN_Evening_Express_20130107_1400_cc_segment/07.700k.mp4,43,44,68,64,66,67,65,23,22,24,29,28,21,27,30,25,70,20,31,32
20130107/HLN_News_Now_20130107_0900_cc_segment/08.700k.mp4,192,193,194,191,109,41,42,110,40
Query 59
20130104/CNN_20130104_1200_cc_segment/23.700k.mp4,94,97,98,96,66,95,71,89,58,84,99,45,62,68,61,88,37,100,70,104,33,101,52,51,85,59,35,57,18,17,55,21,56,86,105,102,109,103,47,24,25,28,22,44,83,31,26,39,75,38
20130104/Situation_Room_with_Wolf_Blitzer_20130104_1300_cc_segment/06.700k.mp4,377,370,372,369,373,376,368,371,374,367,375
20130104/Situation_Room_with_Wolf_Blitzer_20130104_1300_cc_segment/08.700k.mp4,377,376,378,375,374
20130105/ABC_News_20130105_1200_cc_segment/08.700k.mp4,81,84,85,82,83,50,76,128,127
20130105/ABC_News_20130105_1200_cc_segment/13.700k.mp4,53,51,52,50,47,46,48,49,55,21,54,23,22,19,25,18,26,24,45,29,30,27,28,13,20
20130105/ABC_World_News_with_Diane_Sawyer_20130105_1730_cc_segment/00.700k.mp4,37,35,32,41,66,38,40,68,42,39,36,65,43,63,62,61,33,59,60
20130105/CBS_News_20130105_1200_cc_segment/09.700k.mp4,21,17,13,18,14,20,15,16,12,10,9,19,11
20130105/Good_Morning_America_20130105_0400_cc_segment/01.700k.mp4,85,88,84,87,86,131
20130109/ABC_News_20130109_1200_cc_segment/02.700k.mp4,88,73
20130109/ABC_News_20130109_1200_cc_segment/09.700k.mp4,88,73
20130130/CNN_20130130_1200_cc_segment/22.700k.mp4,96,98,97
Query 60
20130106/CNN_Newsroom_20130106_1400_cc_segment/11.700k.mp4,60,80,88,83,81,84,59,65,62,61,66,58,91,89,64,67,68,90,78,85,87,63,82,69,86,79
20130107/CNN_20130107_1200_cc_segment/08.700k.mp4,5,123,39,97,99,129,122,79,45,98,6,96,49,68,102,112,88,100,87,101,78,60,43,23,47,44,118,63,31,42,95,73,35,91,48,119,36,62,113,117,30,51,54,46,92,57,108,38,107,115
20130107/CNN_Newsroom_20130107_1100_cc_segment/11.700k.mp4,108,104,83,115,91,84,85,112,86,114,127,87,88,106,126,103,93,90,92,102,105,113,110,111,109,107,89
Query 61
20121205/CBS_News_20121205_1200_cc_segment/41.700k.mp4,47,48
20121214/ABC_News_20121214_1200_cc_segment/22.700k.mp4,123,124,122
20130103/Associated_Press_20130103_1200_cc_segment/00.700k.mp4,41
20130105/CBS_News_20130105_1200_cc_segment/08.700k.mp4,96,83,98,84,82,103,87,102,92,94
20130106/CBS_News_20130106_1200_cc_segment/18.700k.mp4,38,84,85,79
20130106/CNN_20130106_1200_cc_segment/03.700k.mp4,73,72,71,66,65,64,63,81
20130107/ABC_News_20130107_1200_cc_segment/12.700k.mp4,102
20130107/Associated_Press_20130107_1200_cc_segment/05.700k.mp4,8,9,10,7,19,22
20130107/CBS_News_20130107_1200_cc_segment/21.700k.mp4,21
20130107/CNN_Newsroom_20130107_0600_cc_segment/05.700k.mp4,39
20130107/HLN_Morning_Express_20130107_0300_cc_segment/00.700k.mp4,37,35,36
20130107/HLN_News_Now_20130107_0900_cc_segment/00.700k.mp4,98,97,99
20130110/Associated_Press_20130110_1200_cc_segment/29.700k.mp4,21
20130111/Associated_Press_20130111_1200_cc_segment/03.700k.mp4,7,6,8,5,13,14,16
Query 62
20130105/Associated_Press_20130105_1200_cc_segment/04.700k.mp4,11,8,12,7,14,10,15,16
20130105/CBS_News_20130105_1200_cc_segment/22.700k.mp4,34
Query 63
20130107/CNN_20130107_1200_cc_segment/13.700k.mp4,29,54,28,27,55,56,22,24,23,26,25
20130107/HLN_Evening_Express_20130107_1400_cc_segment/01.700k.mp4,110,106,108,107,109,105
20130107/NBC_Nightly_News_20130107_1730_cc_segment/01.700k.mp4,46,47
20130108/CBS_News_20130108_1200_cc_segment/23.700k.mp4,20,19,17,18
20130108/Good_Morning_America_20130108_0700_cc_segment/02.700k.mp4,101,100,99,98,97,96,95,94
Query 64
20130109/CNN_20130109_1200_cc_segment/10.700k.mp4,73,74,75
20130109/HLN_News_Now_20130109_0900_cc_segment/00.700k.mp4,134,135,136
20130109/HLN_News_Now_20130109_0900_cc_segment/07.700k.mp4,68,69,67
Query 65
20130117/CNN_20130117_1200_cc_segment/12.700k.mp4,93,94,92
Query 66
20130109/CBS_News_20130109_1200_cc_segment/40.700k.mp4,23,22,20,21,19,18
20130109/CNN_20130109_1200_cc_segment/14.700k.mp4,30,29,27,31,28,26
20130110/CBS_News_20130110_1200_cc_segment/06.700k.mp4,39,38,40
20130110/HLN_Morning_Express_20130110_0300_cc_segment/01.700k.mp4,47,45,44,46,42,43
20130110/Today_Show_20130110_0700_cc_segment/03.700k.mp4,75,76,77
20130111/CNN_20130111_1200_cc_segment/00.700k.mp4,116,118
20130112/CNN_Newsroom_20130112_0800_cc_segment/01.700k.mp4,46,47,45
Query 67
20130112/CBS_News_20130112_1200_cc_segment/19.700k.mp4,5,8,6,7,12,11,16,9,17,18,15,10,14,13,19
20130113/ABC_News_20130113_1200_cc_segment/14.700k.mp4,14,13,9,21,11,16,17,12,23,15,22,18,19,10,20
20130114/PBS_News_Hour_20130114_1500_cc_segment/02.700k.mp4,14,15
20130126/CNN_Newsroom_20130126_1400_cc_segment/04.700k.mp4,174,200,202,201
20130126/CNN_Newsroom_20130126_1400_cc_segment/06.700k.mp4,6,7,5
20130126/CNN_Newsroom_20130126_1400_cc_segment/07.700k.mp4,12,146,11,147,76,78
Query 68
20130111/Today_Show_20130111_0700_cc_segment/07.700k.mp4,62,63,61
Query 69
20130116/ABC_News_20130116_1200_cc_segment/02.700k.mp4,43,45,44,42,41
20130116/CBS_News_20130116_1200_cc_segment/24.700k.mp4,148,149,150,147,146
20130116/CNN_20130116_1200_cc_segment/11.700k.mp4,181,182,183,180,179
20130116/CNN_Newsroom_20130116_0600_cc_segment/03.700k.mp4,58,59,60,57,56
20130116/CNN_Newsroom_20130116_0600_cc_segment/04.700k.mp4,30,31,32,33,29,28,14
20130116/Good_Morning_America_20130116_0700_cc_segment/02.700k.mp4,44,45,43,42
20130116/HLN_News_Now_20130116_0900_cc_segment/01.700k.mp4,81,82,83,80,79
20130116/NBC_Nightly_News_20130116_1730_cc_segment/02.700k.mp4,54,61
20130116/PBS_News_Hour_20130116_1500_cc_segment/00.700k.mp4,305,308,306,307,304
20130116/Situation_Room_with_Wolf_Blitzer_20130116_1300_cc_segment/02.700k.mp4,27,26,28,25,24,59,21
20130117/CBS_News_20130117_1200_cc_segment/14.700k.mp4,21,24,22,25,26,27,30,29,23,28,31,32
20130117/CBS_News_20130117_1200_cc_segment/16.700k.mp4,229,237,232,231,230,235,234,236,233,228,238,239
20130117/CNN_20130117_1200_cc_segment/26.700k.mp4,27,29,28,26,25
20130118/CNN_Newsroom_20130118_1100_cc_segment/04.700k.mp4,154,155,156,153,152
Query 70
20130119/ABC_News_20130119_1200_cc_segment/10.700k.mp4,58,61,60,59
20130119/ABC_News_20130119_1200_cc_segment/13.700k.mp4,41,43,42,40
20130119/CNN_20130119_1200_cc_segment/04.700k.mp4,15,16,12,14,11,17,13,10
20130119/NBC_Nightly_News_20130119_1730_cc_segment/01.700k.mp4,114,113,115,116,117,118
20130120/ABC_News_20130120_1200_cc_segment/00.700k.mp4,54
20130120/HLN_Morning_Express_20130120_0400_cc_segment/07.700k.mp4,19
Query 71
20130121/PBS_News_Hour_20130121_1500_cc_segment/01.700k.mp4,412,413,411
Query 72
20130123/Associated_Press_20130123_1200_cc_segment/06.700k.mp4,48,53
20130129/Situation_Room_with_Wolf_Blitzer_20130129_1300_cc_segment/04.700k.mp4,82
Query 73
20130123/ABC_News_20130123_1200_cc_segment/09.700k.mp4,93,99,92,94,100,97,98,96,95
20130123/Good_Morning_America_20130123_0700_cc_segment/04.700k.mp4,94,95,96,100,101,102,98,97,99
20130125/ABC_News_20130125_1200_cc_segment/13.700k.mp4,215,213,216,214,217,219,218,46,45,44,47
20130125/Good_Morning_America_20130125_0700_cc_segment/05.700k.mp4,60,61,62,65,63,64,66,23
Query 74
20130126/AlJazeera_English_20130126_1200_cc_segment/23.700k.mp4,11,12,13,10,22
20130126/CBS_News_20130126_1200_cc_segment/42.700k.mp4,15,14
20130126/CNN_Newsroom_20130126_1400_cc_segment/00.700k.mp4,89,34,37,35,87,33,90,88,36,86,91,38,92,39
20130126/CNN_Newsroom_20130126_1400_cc_segment/04.700k.mp4,14,15,16,17,18,13,155,156,158,157,154,19,159,160
Query 75
20130127/ABC_News_20130127_1200_cc_segment/28.700k.mp4,31,32,33,34,186,185,279,182,184
20130127/ABC_World_News_with_Diane_Sawyer_20130127_1730_cc_segment/00.700k.mp4,41,42,44,43
20130127/ABC_World_News_with_Diane_Sawyer_20130127_1730_cc_segment/01.700k.mp4,8,102,9
20130127/NBC_Nightly_News_20130127_1530_cc_segment/00.700k.mp4,131,128,130,129
20130128/ABC_News_20130128_1200_cc_segment/04.700k.mp4,78,79,77
20130128/CBS_News_20130128_1200_cc_segment/06.700k.mp4,68,69,70,71,67
20130128/CNN_Newsroom_20130128_0600_cc_segment/00.700k.mp4,34,35,36
20130128/Good_Morning_America_20130128_0700_cc_segment/01.700k.mp4,80,79
20130128/HLN_Morning_Express_20130128_0300_cc_segment/00.700k.mp4,67,65,68,64,66
20130128/Situation_Room_with_Wolf_Blitzer_20130128_1300_cc_segment/01.700k.mp4,180,179
Query 76
20130128/CNN_Newsroom_20130128_0600_cc_segment/00.700k.mp4,38,37,39,62,61,63,64,65,41,40,42,66
20130128/CNN_Newsroom_20130128_1100_cc_segment/02.700k.mp4,194,171,169,170,172,195,173,193,174
20130128/HLN_Morning_Express_20130128_0300_cc_segment/00.700k.mp4,71,70,72,73,74,69
Query 77
20130130/ABC_News_20130130_1200_cc_segment/15.700k.mp4,111
20130130/ABC_World_News_with_Diane_Sawyer_20130130_1730_cc_segment/00.700k.mp4,120
20130130/CBS_News_20130130_1200_cc_segment/56.700k.mp4,51,49,50,48
